11 14 41 22             
14 11 17 24 
17 14 47 26
22 42 24 11 33
24 14 34 22 26
26 24 46 17 35
33 34 43 22
34 33 35 24 
35 34 45 26
41 11 71 42
42 41 43 22 62
43 42 33 53
45 46 35 55 
46 45 47 26 66
47 17 77 46
53 43 54 62
54 53 55 64
55 54 45 66
62 42 64 53 71
64 62 54 66 74
66 64 46 55 77
71 41 74 62
74 71 64 77
77 74 47 66
-1
11 14 17
22 24 26
33 34 35
41 42 43
45 46 47
53 54 55
62 64 66
71 74 77
11 41 71
22 42 62
33 43 53
14 24 34
54 64 74
35 45 55
26 46 66
17 47 77
11 22 33
17 26 35
53 62 71
55 66 77